49 50
0.150599 0.065116 0.679088 0.317833 0.952889 0.393383 0.940554 0.671567 0.344381 0.239503 0.048708 0.754524 0.854852 0.897750 0.566494 0.590833 0.880307 0.573885 0.209223 0.564688 0.908570 0.493401 0.249087 0.889494 0.969300 0.910083 0.947984 0.720517 0.520221 0.060535 0.535972 0.570171 0.837948 0.554857 0.923776 0.409229 0.561111 0.556113 0.044514 0.384249 0.993901 0.877486 0.305646 0.361254 0.489928 0.313063 0.662085 0.879630 0.672779 0.125574
0.120297 0.267226 0.057276 0.775349 0.686490 0.334505 0.617533 0.177935 0.443924 0.341049 0.559884 0.070462 0.950440 0.083299 0.888666 0.162848 0.780978 0.325881 0.129652 0.547903 0.678625 0.170915 0.350828 0.299821 0.508377 0.951135 0.880572 0.387683 0.433496 0.407147 0.471605 0.850084 0.023472 0.163246 0.749400 0.605978 0.060680 0.282791 0.144109 0.485894 0.894958 0.710944 0.700021 0.148924 0.389579 0.530734 0.414333 0.566356 0.480404 0.757585
0.622151 0.654973 0.495162 0.806801 0.842218 0.023589 0.184524 0.764804 0.964794 0.946565 0.560625 0.232263 0.887516 0.129482 0.097429 0.842643 0.603894 0.419678 0.482410 0.767403 0.602511 0.396987 0.218590 0.435132 0.907361 0.531149 0.279310 0.319831 0.854686 0.775759 0.101236 0.765848 0.718558 0.794616 0.943893 0.308264 0.824770 0.884657 0.025994 0.784078 0.389460 0.709413 0.179804 0.300514 0.126318 0.806520 0.755644 0.065570 0.080164 0.889860
0.271600 0.034551 0.356094 0.008601 0.183749 0.640700 0.070369 0.045522 0.772401 0.517473 0.302786 0.194676 0.883071 0.926618 0.722714 0.541641 0.784973 0.376721 0.340214 0.767224 0.783359 0.800301 0.609962 0.764605 0.006035 0.787625 0.676366 0.660689 0.685033 0.469174 0.279175 0.523255 0.566280 0.657566 0.739356 0.583123 0.029385 0.027822 0.734443 0.244128 0.721400 0.171819 0.061407 0.927921 0.812264 0.425674 0.954125 0.722395 0.992114 0.990777
0.166288 0.173107 0.832910 0.667337 0.382106 0.955270 0.132245 0.488120 0.199495 0.789811 0.619093 0.901749 0.034563 0.008602 0.756639 0.660303 0.001745 0.774135 0.777384 0.413857 0.438660 0.853900 0.634926 0.247351 0.260975 0.446786 0.939813 0.456714 0.388631 0.315009 0.329562 0.909072 0.181242 0.114117 0.424053 0.021895 0.578479 0.487619 0.271272 0.200208 0.887018 0.435256 0.813421 0.859443 0.277495 0.094819 0.518059 0.259361 0.443990 0.025058
0.290294 0.257568 0.936458 0.900250 0.236143 0.977819 0.769520 0.108890 0.443416 0.714952 0.887648 0.812068 0.888583 0.986067 0.116171 0.331219 0.433185 0.824534 0.930672 0.446596 0.853163 0.964985 0.010897 0.979257 0.266605 0.301535 0.511744 0.912882 0.942068 0.309810 0.408599 0.746794 0.607584 0.109170 0.993661 0.369474 0.842242 0.845978 0.385117 0.114588 0.811770 0.472951 0.666260 0.541309 0.315296 0.756415 0.405587 0.096548 0.351217 0.613073
0.691400 0.810158 0.688927 0.563808 0.250208 0.198689 0.548115 0.473379 0.698903 0.588019 0.615264 0.536870 0.398272 0.044267 0.680918 0.767095 0.310437 0.649366 0.775607 0.412199 0.415262 0.226820 0.259524 0.610243 0.719032 0.312399 0.774177 0.603878 0.545655 0.884600 0.799700 0.693221 0.344562 0.321787 0.826645 0.611005 0.615657 0.916481 0.102420 0.948146 0.507011 0.664932 0.498805 0.347177 0.964192 0.579824 0.038704 0.630993 0.199399 0.506445
0.921549 0.506600 0.093195 0.656681 0.505117 0.668568 0.443670 0.426065 0.043639 0.344932 0.473068 0.210849 0.200718 0.595847 0.513340 0.130985 0.876094 0.200918 0.305184 0.845654 0.048117 0.654212 0.789399 0.534494 0.863013 0.488364 0.596276 0.326474 0.159706 0.015949 0.407882 0.579963 0.000422 0.935889 0.736999 0.024092 0.845343 0.688486 0.813096 0.236063 0.859112 0.283683 0.550243 0.133698 0.127776 0.452275 0.349352 0.883957 0.791648 0.085405
0.713179 0.066224 0.773447 0.851061 0.581220 0.871991 0.907056 0.259594 0.772005 0.146356 0.650208 0.860544 0.391289 0.232652 0.596011 0.327747 0.199855 0.803691 0.459005 0.387237 0.542806 0.584330 0.308751 0.683953 0.414594 0.743030 0.599846 0.737817 0.828014 0.486923 0.914856 0.076460 0.053608 0.035584 0.173346 0.614715 0.648015 0.818371 0.634243 0.803081 0.985229 0.577677 0.816695 0.692356 0.680048 0.812719 0.425451 0.483937 0.563797 0.571460
0.085630 0.746749 0.544096 0.951852 0.661175 0.882758 0.359805 0.807440 0.293012 0.805652 0.820843 0.085900 0.791845 0.412199 0.969249 0.269367 0.257528 0.091104 0.902812 0.004920 0.362885 0.190876 0.421352 0.065516 0.627814 0.060529 0.516504 0.296053 0.458441 0.265102 0.225316 0.094442 0.450075 0.075500 0.923747 0.061737 0.616466 0.257573 0.252699 0.492780 0.445900 0.703952 0.074744 0.233152 0.121951 0.244895 0.455092 0.844701 0.287695 0.308852
0.397756 0.651737 0.441253 0.408256 0.218195 0.728641 0.689677 0.998848 0.760250 0.500926 0.264970 0.752373 0.976791 0.096211 0.213468 0.002601 0.526417 0.659456 0.769366 0.529930 0.977884 0.084382 0.849693 0.706234 0.260793 0.072008 0.028910 0.120930 0.623149 0.585015 0.902736 0.699236 0.514887 0.636638 0.036664 0.149113 0.253053 0.519902 0.143292 0.734619 0.905909 0.014373 0.991875 0.819714 0.965378 0.249479 0.529242 0.647964 0.320834 0.743401
0.342904 0.732312 0.843704 0.544199 0.989839 0.449036 0.512118 0.799674 0.428371 0.934093 0.782135 0.618819 0.120842 0.353344 0.901209 0.957256 0.684345 0.549103 0.470457 0.331863 0.388705 0.123258 0.724042 0.127840 0.043382 0.868553 0.630723 0.258219 0.924431 0.157389 0.766392 0.045849 0.302739 0.584770 0.167905 0.467485 0.746828 0.799790 0.884076 0.651170 0.846874 0.106453 0.421407 0.090945 0.201458 0.239835 0.600183 0.770045 0.687140 0.987270
0.269796 0.576027 0.892506 0.541553 0.886717 0.376025 0.481434 0.720765 0.320544 0.857950 0.412713 0.473905 0.724419 0.917191 0.441022 0.874273 0.947185 0.815729 0.005983 0.193082 0.155529 0.604860 0.380546 0.818906 0.876615 0.864228 0.583879 0.693899 0.646035 0.487849 0.259276 0.304465 0.929688 0.096466 0.610916 0.004059 0.126510 0.461305 0.221231 0.696197 0.004341 0.165192 0.059969 0.256797 0.864420 0.337724 0.983938 0.872202 0.403894 0.922800
0.542090 0.655558 0.588404 0.047046 0.883143 0.447219 0.565799 0.712785 0.366980 0.290955 0.874004 0.886967 0.516504 0.935612 0.918036 0.323001 0.633017 0.495344 0.349110 0.096589 0.178660 0.905084 0.700583 0.927950 0.530165 0.739792 0.319460 0.198156 0.550807 0.950997 0.906845 0.356391 0.989377 0.631088 0.906732 0.024919 0.984736 0.139505 0.119013 0.653371 0.131734 0.542825 0.273341 0.641533 0.099553 0.122748 0.605302 0.443350 0.495011 0.171953
0.293055 0.779417 0.148424 0.508531 0.039067 0.752266 0.515686 0.354888 0.598209 0.703610 0.644510 0.300302 0.046839 0.684121 0.874938 0.160501 0.946881 0.397901 0.865419 0.015557 0.540614 0.166108 0.366554 0.013393 0.437178 0.756070 0.259383 0.356609 0.789209 0.962893 0.483547 0.248315 0.967021 0.263252 0.834944 0.937472 0.221107 0.569732 0.454553 0.894419 0.357713 0.500469 0.683511 0.259975 0.136158 0.005394 0.946642 0.647270 0.072691 0.749596
0.641189 0.939646 0.403467 0.446836 0.171164 0.483227 0.473560 0.984708 0.148511 0.145206 0.683579 0.750458 0.079150 0.822186 0.643582 0.220721 0.024211 0.199159 0.674259 0.593621 0.156467 0.306119 0.142889 0.098789 0.550578 0.257035 0.464706 0.590288 0.358078 0.800328 0.111091 0.758702 0.032319 0.376317 0.759070 0.032121 0.334120 0.637115 0.958495 0.047443 0.572612 0.753231 0.795321 0.973027 0.478509 0.430694 0.819817 0.321401 0.661634 0.370170
0.686442 0.895313 0.604220 0.475248 0.220413 0.184752 0.566468 0.316146 0.054969 0.420016 0.362000 0.867290 0.631194 0.610912 0.254283 0.457873 0.206596 0.498664 0.127594 0.191596 0.173422 0.984737 0.007034 0.289830 0.958939 0.820657 0.391863 0.585060 0.352373 0.026547 0.511863 0.227455 0.126472 0.803601 0.601427 0.769185 0.617346 0.095353 0.458000 0.508920 0.190384 0.058935 0.096418 0.175250 0.925317 0.022434 0.231039 0.202092 0.395436 0.983599
0.360418 0.524301 0.413542 0.771840 0.150305 0.392049 0.393864 0.732334 0.063692 0.238441 0.023851 0.538248 0.684594 0.551445 0.210638 0.948657 0.150712 0.430216 0.223209 0.577251 0.006233 0.683838 0.677439 0.392547 0.078373 0.629873 0.355544 0.744443 0.296852 0.096157 0.873577 0.189620 0.608796 0.675096 0.586878 0.401297 0.005314 0.492144 0.965093 0.518646 0.344762 0.544391 0.005385 0.196326 0.518209 0.872833 0.004721 0.890145 0.435550 0.340172
0.023654 0.173708 0.346834 0.028155 0.029390 0.793060 0.204354 0.282067 0.591475 0.322535 0.530471 0.864972 0.943417 0.682509 0.724898 0.267826 0.162453 0.861071 0.043941 0.345635 0.862364 0.734844 0.307139 0.632773 0.286155 0.170162 0.251348 0.402317 0.839719 0.503408 0.127345 0.375997 0.779775 0.872999 0.379940 0.605833 0.184649 0.610199 0.763007 0.516707 0.124463 0.381589 0.745232 0.895465 0.177073 0.823062 0.171492 0.348552 0.348191 0.934952
0.398134 0.641363 0.874146 0.582116 0.070806 0.772718 0.173163 0.659809 0.381374 0.217799 0.787697 0.597880 0.518972 0.149468 0.451396 0.854809 0.774390 0.568232 0.390573 0.348941 0.702468 0.672665 0.910416 0.665021 0.053392 0.939222 0.495602 0.937537 0.499541 0.680320 0.682306 0.502975 0.840895 0.602736 0.100791 0.119157 0.735766 0.949346 0.508981 0.818256 0.494040 0.421689 0.840330 0.394829 0.687610 0.328189 0.525791 0.885133 0.953048 0.894400
0.683764 0.725278 0.829634 0.283166 0.849147 0.271888 0.522958 0.316716 0.647942 0.118322 0.332713 0.755646 0.078060 0.855853 0.058789 0.611512 0.613538 0.234817 0.600090 0.516200 0.106124 0.138834 0.918646 0.716983 0.713489 0.369377 0.705395 0.267131 0.705457 0.473418 0.112502 0.264441 0.914904 0.588261 0.873846 0.726686 0.826279 0.775291 0.339779 0.611649 0.724122 0.006938 0.583044 0.770573 0.533381 0.672823 0.710821 0.821858 0.095356 0.647689
0.086330 0.123276 0.446975 0.743015 0.748870 0.678484 0.916317 0.000810 0.248021 0.364894 0.631911 0.731509 0.191975 0.794794 0.475626 0.728667 0.673498 0.269194 0.007392 0.180428 0.838822 0.190428 0.943306 0.465713 0.083026 0.925306 0.806527 0.242570 0.393115 0.204143 0.122139 0.097225 0.748188 0.762669 0.282173 0.026547 0.995903 0.915987 0.551943 0.155272 0.348212 0.183823 0.714781 0.928259 0.587125 0.074742 0.769105 0.869511 0.183519 0.628815
0.063376 0.766269 0.470364 0.445490 0.747495 0.504348 0.213416 0.991045 0.458698 0.026033 0.858235 0.550507 0.015768 0.066612 0.581801 0.495750 0.368858 0.172429 0.410328 0.667606 0.943437 0.679621 0.331587 0.495551 0.688325 0.543345 0.121931 0.682735 0.509172 0.571938 0.245564 0.405414 0.470917 0.663161 0.068067 0.275291 0.972204 0.271339 0.067156 0.518585 0.719245 0.179102 0.342213 0.243180 0.544642 0.228938 0.692745 0.027784 0.852992 0.045563
0.206299 0.407781 0.516094 0.990117 0.190950 0.039773 0.234207 0.495740 0.240427 0.029231 0.907159 0.010067 0.668984 0.916828 0.320908 0.177162 0.979459 0.360558 0.672491 0.645001 0.159656 0.898938 0.476449 0.818687 0.031342 0.462298 0.025945 0.170629 0.994478 0.802888 0.029850 0.852730 0.893160 0.082071 0.983589 0.109257 0.166291 0.950279 0.812714 0.950837 0.551116 0.331513 0.386339 0.971934 0.115909 0.947964 0.429275 0.168023 0.132066 0.726235
0.960105 0.643232 0.640868 0.128955 0.611119 0.944814 0.752254 0.205705 0.396383 0.897268 0.139527 0.208539 0.978289 0.268717 0.786592 0.447261 0.995746 0.707874 0.100109 0.464805 0.493219 0.774725 0.013459 0.302900 0.218548 0.196889 0.099253 0.452827 0.427177 0.966242 0.766586 0.726711 0.812808 0.211820 0.388694 0.925562 0.910583 0.822746 0.099187 0.710078 0.326228 0.759106 0.418431 0.000313 0.936887 0.635063 0.284988 0.652430 0.881011 0.842046
0.604231 0.879719 0.624398 0.836847 0.244617 0.206710 0.475519 0.016401 0.282862 0.284309 0.492640 0.936678 0.126111 0.899036 0.519124 0.855708 0.914498 0.338841 0.996556 0.878284 0.823425 0.429118 0.082832 0.723350 0.603228 0.656445 0.561389 0.250558 0.067577 0.423793 0.742248 0.697864 0.389309 0.408675 0.105245 0.646001 0.858346 0.404763 0.077463 0.573134 0.867721 0.359888 0.330055 0.959171 0.862849 0.995159 0.398878 0.319628 0.739058 0.990399
0.638750 0.833133 0.160604 0.030630 0.125050 0.778618 0.937147 0.329648 0.573994 0.854929 0.851325 0.093416 0.390595 0.249086 0.542376 0.062163 0.084533 0.136118 0.354993 0.324124 0.438547 0.013061 0.211801 0.053585 0.859363 0.911727 0.029232 0.853173 0.361228 0.294009 0.311772 0.606416 0.208171 0.975165 0.629118 0.956293 0.013118 0.696830 0.194364 0.014987 0.588639 0.524844 0.494821 0.028215 0.776458 0.029290 0.248617 0.908359 0.593424 0.567038
0.837931 0.966167 0.316881 0.718662 0.952733 0.630496 0.543223 0.410013 0.537180 0.971637 0.636144 0.907903 0.823471 0.426306 0.893947 0.326901 0.806025 0.753104 0.017293 0.268564 0.925690 0.332969 0.731605 0.990065 0.086635 0.821283 0.014781 0.681403 0.481814 0.954833 0.547008 0.182146 0.784179 0.328968 0.297425 0.724143 0.309319 0.166703 0.160505 0.201577 0.673568 0.861556 0.304606 0.336250 0.387584 0.607838 0.409351 0.440042 0.060798 0.890882
0.942146 0.396764 0.915171 0.568077 0.928772 0.127109 0.697861 0.013279 0.394835 0.182121 0.235551 0.411922 0.693977 0.599012 0.354311 0.380026 0.277187 0.311210 0.494460 0.983320 0.626144 0.524165 0.776502 0.243966 0.808016 0.255413 0.207646 0.513566 0.797976 0.570490 0.147988 0.148943 0.475985 0.156465 0.019213 0.611161 0.458896 0.433600 0.229513 0.552458 0.528597 0.886670 0.396149 0.456544 0.430525 0.496335 0.176399 0.794861 0.849805 0.895045
0.936540 0.183594 0.577199 0.537837 0.792593 0.162684 0.005306 0.971363 0.331464 0.692259 0.589214 0.565423 0.334202 0.733078 0.752825 0.517358 0.029549 0.664237 0.602240 0.015012 0.838077 0.886716 0.570839 0.883832 0.946831 0.346229 0.288104 0.389885 0.403945 0.024696 0.950724 0.355373 0.711347 0.107350 0.699619 0.338040 0.193274 0.556737 0.432528 0.709913 0.468967 0.402293 0.813456 0.377445 0.268286 0.097386 0.798611 0.492120 0.571644 0.972198
0.796742 0.330852 0.103208 0.251518 0.174056 0.583562 0.428245 0.347385 0.308110 0.637824 0.997196 0.873138 0.190088 0.237692 0.881820 0.144842 0.462980 0.989913 0.024843 0.768904 0.170626 0.188703 0.712384 0.215128 0.707274 0.111093 0.840231 0.152553 0.414979 0.806286 0.836833 0.070545 0.171503 0.700054 0.502599 0.352871 0.325936 0.698068 0.069570 0.204621 0.964736 0.154788 0.432859 0.944515 0.873523 0.476730 0.416386 0.711948 0.209008 0.534263
0.299844 0.162857 0.337670 0.302046 0.052237 0.437342 0.402170 0.485949 0.892658 0.434185 0.841769 0.514887 0.475360 0.364834 0.225109 0.920502 0.153525 0.006986 0.205515 0.568848 0.070797 0.824329 0.611266 0.982274 0.585116 0.814560 0.702265 0.025511 0.448158 0.813505 0.954745 0.284855 0.792008 0.765767 0.677622 0.015612 0.881719 0.488767 0.249723 0.301656 0.470304 0.731347 0.629440 0.018065 0.819284 0.533348 0.919012 0.566100 0.979961 0.824869
0.633193 0.453482 0.728494 0.708785 0.166454 0.129087 0.479975 0.539096 0.799017 0.865860 0.384766 0.615957 0.855552 0.373822 0.475502 0.440509 0.023115 0.535152 0.873069 0.032644 0.848436 0.126599 0.905133 0.058860 0.919580 0.146120 0.531292 0.875386 0.253351 0.662158 0.034658 0.592841 0.635781 0.078359 0.444955 0.621818 0.592294 0.762452 0.681104 0.375660 0.816821 0.376138 0.074849 0.311082 0.090020 0.571098 0.314909 0.641901 0.142169 0.766998
0.209697 0.910199 0.246280 0.595658 0.694727 0.207043 0.880591 0.193586 0.980481 0.021517 0.125894 0.918330 0.512253 0.884519 0.539592 0.804374 0.500925 0.332791 0.563226 0.725828 0.860725 0.597646 0.540794 0.412351 0.794825 0.763908 0.826984 0.216832 0.299107 0.689392 0.407438 0.032119 0.049024 0.110691 0.176060 0.785460 0.329012 0.558964 0.724060 0.314920 0.107154 0.222292 0.448854 0.032792 0.202719 0.244951 0.659128 0.278962 0.912966 0.773009
0.858099 0.394290 0.712946 0.040125 0.356864 0.852071 0.531392 0.862598 0.964912 0.656724 0.382184 0.942349 0.257120 0.939439 0.992645 0.804336 0.498892 0.934711 0.608922 0.814332 0.883007 0.760989 0.666393 0.058963 0.367043 0.210099 0.064536 0.086411 0.387090 0.009291 0.263572 0.603768 0.740219 0.584953 0.667711 0.791194 0.159643 0.871631 0.977980 0.794710 0.809171 0.502502 0.711092 0.641064 0.009410 0.261648 0.844195 0.741695 0.552509 0.357630
0.053497 0.419347 0.627489 0.588396 0.485526 0.151647 0.801219 0.903295 0.861199 0.933554 0.860017 0.312411 0.029787 0.282032 0.246510 0.238549 0.137971 0.979592 0.317243 0.902895 0.336918 0.047775 0.500292 0.219331 0.329080 0.750036 0.629523 0.689582 0.936324 0.800719 0.921579 0.378224 0.935439 0.070956 0.970755 0.328940 0.465556 0.955893 0.539305 0.080373 0.450973 0.061432 0.351811 0.026225 0.817788 0.761869 0.050730 0.345405 0.655119 0.270131
0.493308 0.400716 0.405865 0.884836 0.228377 0.306636 0.349895 0.812755 0.934623 0.307097 0.334761 0.857368 0.279909 0.889984 0.239228 0.245908 0.572053 0.516590 0.770376 0.766428 0.062005 0.430095 0.427013 0.984750 0.800893 0.909760 0.412306 0.719458 0.578757 0.518084 0.032696 0.709352 0.230099 0.744629 0.340007 0.759977 0.088306 0.051714 0.477438 0.624805 0.757262 0.179044 0.598164 0.611982 0.925193 0.209424 0.691416 0.172471 0.470365 0.259129
0.608000 0.212104 0.071231 0.599722 0.376194 0.806362 0.705636 0.847693 0.507181 0.153748 0.071035 0.381920 0.820961 0.884516 0.275258 0.412742 0.377024 0.293430 0.119375 0.499343 0.298732 0.069274 0.935075 0.631155 0.409466 0.513205 0.413260 0.868695 0.505058 0.393594 0.724029 0.033303 0.792349 0.990319 0.035291 0.458097 0.544148 0.326508 0.775075 0.544113 0.375205 0.971618 0.362653 0.145019 0.404861 0.918737 0.246855 0.673702 0.751373 0.441020
0.157795 0.346042 0.555689 0.268176 0.948665 0.191231 0.761418 0.418495 0.075042 0.971916 0.844357 0.464027 0.000724 0.754877 0.092523 0.710652 0.774939 0.021348 0.443392 0.091307 0.707439 0.511000 0.684719 0.886201 0.016277 0.081894 0.291806 0.879418 0.297054 0.108092 0.508643 0.516802 0.283380 0.255801 0.945815 0.954993 0.251876 0.792697 0.580460 0.213304 0.171723 0.370896 0.749735 0.916082 0.929239 0.455289 0.872672 0.813103 0.783600 0.150046
0.835079 0.161404 0.305424 0.478885 0.622180 0.564515 0.169171 0.683562 0.219812 0.229421 0.096465 0.954638 0.563808 0.286064 0.296452 0.098830 0.465963 0.629248 0.529852 0.199969 0.722133 0.798823 0.434195 0.470469 0.239404 0.878606 0.575259 0.907270 0.600727 0.271211 0.210897 0.789786 0.244962 0.435064 0.263896 0.092821 0.034225 0.223520 0.980811 0.065512 0.482816 0.862674 0.044235 0.676728 0.813474 0.040460 0.786143 0.609169 0.763880 0.525375
0.716479 0.910479 0.747561 0.404316 0.174482 0.359638 0.883906 0.829030 0.565166 0.942582 0.561556 0.143710 0.915778 0.079946 0.976566 0.867237 0.837275 0.727526 0.116523 0.354512 0.706263 0.988492 0.564768 0.307262 0.051727 0.134891 0.435918 0.613234 0.140252 0.173886 0.278484 0.051293 0.255726 0.137630 0.535016 0.321822 0.883323 0.342598 0.963321 0.504959 0.562850 0.654626 0.200945 0.007013 0.011539 0.746686 0.885336 0.818046 0.397604 0.352053
0.789006 0.822232 0.544540 0.039528 0.698810 0.463719 0.482576 0.070871 0.814840 0.121057 0.139785 0.980489 0.464964 0.717215 0.666611 0.462665 0.016588 0.220118 0.384540 0.459506 0.747730 0.296733 0.177535 0.187829 0.426168 0.095433 0.300411 0.115946 0.945098 0.348725 0.234160 0.684492 0.244464 0.362080 0.348174 0.072093 0.013900 0.189519 0.261828 0.481739 0.107979 0.511970 0.322149 0.269561 0.988303 0.672542 0.439392 0.824966 0.655640 0.513585
0.595510 0.233099 0.594618 0.231225 0.881758 0.732134 0.560962 0.478200 0.291614 0.536845 0.807851 0.250211 0.774769 0.379604 0.305007 0.344724 0.977934 0.569834 0.398465 0.732678 0.186399 0.208041 0.924492 0.019756 0.940583 0.520440 0.342822 0.759478 0.283190 0.155409 0.500727 0.773772 0.336529 0.808232 0.580342 0.885295 0.459021 0.237722 0.657433 0.499040 0.469005 0.696451 0.803000 0.264462 0.089954 0.875899 0.212045 0.436926 0.037775 0.049448
0.525049 0.189366 0.715142 0.869890 0.650986 0.726875 0.667914 0.406414 0.810027 0.138561 0.699828 0.646618 0.610770 0.640315 0.867542 0.524087 0.140280 0.409051 0.817319 0.320013 0.083240 0.313076 0.480272 0.558716 0.264631 0.845034 0.196789 0.002992 0.374096 0.290195 0.550924 0.893223 0.396840 0.883139 0.373362 0.527099 0.394618 0.293596 0.064317 0.645077 0.264688 0.658142 0.496188 0.268759 0.278244 0.535917 0.798273 0.901896 0.446310 0.394234
0.979952 0.359341 0.449418 0.811259 0.915738 0.840281 0.660597 0.566052 0.675873 0.549349 0.653034 0.227601 0.016186 0.125211 0.362469 0.967537 0.665035 0.201308 0.777061 0.289160 0.708664 0.653849 0.241495 0.942505 0.271849 0.364792 0.446528 0.783697 0.077063 0.675698 0.060477 0.449163 0.473950 0.167988 0.530119 0.410130 0.264650 0.361197 0.743710 0.003451 0.193675 0.489368 0.176296 0.523269 0.784821 0.222665 0.749568 0.488333 0.083991 0.206816
0.439585 0.331160 0.387058 0.647987 0.426568 0.627728 0.695792 0.117337 0.505697 0.791594 0.421908 0.156896 0.753255 0.437406 0.799301 0.096425 0.253519 0.338847 0.065705 0.607157 0.448187 0.662538 0.675884 0.828603 0.587365 0.710695 0.335838 0.040280 0.520580 0.327837 0.259547 0.129218 0.687167 0.416423 0.414614 0.189383 0.406185 0.499776 0.158935 0.094040 0.119142 0.459958 0.428499 0.338315 0.607320 0.897765 0.260232 0.516079 0.140190 0.482410
0.060044 0.095964 0.729474 0.341336 0.292706 0.921505 0.563865 0.151768 0.823363 0.287405 0.660915 0.734229 0.232491 0.512838 0.260011 0.342212 0.601843 0.884956 0.208699 0.720518 0.665407 0.190521 0.873746 0.515421 0.528930 0.696525 0.407807 0.086983 0.170070 0.115495 0.946009 0.768703 0.162971 0.893547 0.770699 0.080869 0.533149 0.192622 0.181057 0.491610 0.106178 0.111696 0.468430 0.914556 0.663472 0.404586 0.611226 0.188530 0.155569 0.320092
0.262912 0.396380 0.744784 0.857678 0.722931 0.333496 0.374474 0.819157 0.990353 0.864362 0.329570 0.770206 0.528330 0.651416 0.716061 0.488094 0.660128 0.611227 0.461637 0.584633 0.500131 0.643285 0.169550 0.376200 0.261027 0.447868 0.412732 0.814223 0.896160 0.765074 0.089244 0.822344 0.774851 0.128529 0.584262 0.243516 0.202938 0.245237 0.139915 0.102639 0.185771 0.356733 0.171477 0.822506 0.716428 0.227158 0.559136 0.772990 0.596094 0.140100
0.045794 0.470202 0.017139 0.478717 0.203390 0.247438 0.694291 0.618996 0.061855 0.372904 0.348920 0.369999 0.220624 0.995738 0.495215 0.243889 0.721517 0.346508 0.172319 0.768984 0.324946 0.802063 0.826705 0.776791 0.939872 0.254709 0.074585 0.282850 0.174285 0.299778 0.159885 0.193107 0.503763 0.014678 0.171691 0.962867 0.589463 0.159408 0.995053 0.147034 0.922702 0.894902 0.846323 0.388858 0.015935 0.149177 0.277063 0.472421 0.578422 0.239271
