49 50
33 87 95 75 81 84 17 62 1 90 19 19 48 23 39 53 86 76 7 75 56 98 100 44 14 74 30 94 48 93 65 98 89 74 70 45 56 66 81 36 12 79 57 36 100 21 58 46 49 33
7 39 74 46 23 93 31 91 62 2 23 67 72 22 83 73 87 57 87 37 38 86 9 53 74 41 11 76 73 38 37 90 71 45 41 7 31 92 8 4 59 22 43 25 94 96 77 7 54 25
4 4 45 97 48 8 59 80 37 50 99 64 47 75 79 78 49 11 54 1 4 7 4 98 79 85 53 6 11 31 3 97 52 34 10 69 18 97 28 47 50 80 32 49 7 96 83 62 28 24
59 61 25 90 98 76 14 41 85 42 4 95 14 10 34 95 14 23 1 68 55 94 11 72 78 51 13 91 91 34 30 25 4 9 10 94 11 13 8 24 7 27 5 69 79 39 6 65 16 32
27 40 56 84 25 84 13 99 84 68 97 12 21 55 13 29 3 84 88 85 72 84 88 42 51 67 52 65 79 15 99 22 38 29 100 62 7 49 84 56 49 54 80 51 55 5 4 7 96 13
82 71 52 29 71 30 87 95 92 58 55 62 50 23 18 20 32 95 25 93 15 24 39 78 64 37 90 35 88 65 100 97 55 69 62 61 56 49 93 79 70 97 2 1 67 73 18 72 98 64
8 48 62 40 50 68 36 24 82 63 31 75 65 50 41 88 39 62 99 79 18 89 30 55 99 68 80 5 82 51 67 21 94 34 86 81 21 20 56 41 27 78 4 80 7 5 31 39 25 2
76 28 59 96 19 80 22 52 85 67 84 90 46 66 64 90 84 96 56 21 45 49 80 8 18 10 78 38 62 95 6 97 1 22 88 90 96 12 75 93 69 93 47 23 91 43 14 16 64 29
52 58 3 4 62 67 39 47 26 25 99 19 8 71 67 36 76 34 23 75 62 93 4 62 63 40 23 8 96 100 64 36 68 30 80 88 55 25 64 13 3 24 65 61 13 95 36 77 78 94
31 97 11 75 79 30 71 21 77 74 32 91 43 24 3 93 16 82 75 10 12 59 13 72 55 85 43 80 15 1 21 58 25 28 8 89 73 97 13 28 75 70 60 85 90 26 60 39 88 28
67 56 90 8 42 59 70 61 94 39 18 53 59 2 27 7 33 54 12 49 25 94 89 76 88 42 8 94 90 31 68 65 45 48 44 26 7 28 30 94 39 56 62 84 28 44 87 11 66 19
15 32 96 83 38 15 78 90 6 12 22 22 49 40 80 77 89 92 75 33 75 91 35 93 52 37 76 87 55 29 71 63 48 7 27 55 41 77 38 45 55 11 8 49 74 80 97 43 78 28
98 76 96 51 6 29 91 90 14 89 7 21 6 23 94 97 58 6 84 75 4 56 77 2 4 57 47 50 9 46 79 70 44 84 53 46 72 80 64 67 98 5 7 46 60 93 39 41 87 2
3 61 60 32 65 87 59 55 98 86 16 96 92 30 7 34 5 93 73 40 69 62 52 30 98 10 6 35 61 13 84 74 30 34 5 63 90 64 51 2 63 46 15 63 50 58 19 90 88 46
13 25 4 95 3 78 23 84 72 100 16 25 14 55 39 79 92 31 77 99 29 64 69 47 85 95 2 39 85 64 77 2 65 61 32 10 86 61 45 82 7 16 33 64 47 67 44 21 37 62
71 84 69 33 96 5 52 37 9 18 84 7 86 82 44 49 47 10 24 79 30 46 83 20 52 78 79 93 10 85 86 20 96 53 35 77 47 19 63 50 85 99 31 5 95 55 14 13 53 3
99 19 41 38 37 16 54 93 78 62 23 44 49 37 93 33 81 91 97 60 40 38 90 93 41 56 73 79 69 39 38 51 29 59 40 73 34 78 12 36 98 55 4 100 48 54 92 30 80 82
24 67 7 58 11 57 45 97 83 24 63 34 100 66 58 33 20 35 90 30 84 55 4 80 27 8 25 88 15 21 95 18 97 43 77 21 99 9 88 54 76 33 1 39 64 48 39 19 79 60
13 50 69 82 77 36 28 90 94 25 42 61 7 68 2 11 22 93 31 37 27 97 42 59 28 75 96 11 63 22 6 90 26 13 78 37 22 60 62 54 70 11 81 63 39 74 96 62 2 99
99 80 13 45 25 10 68 72 22 24 99 91 92 38 9 63 57 65 57 81 29 10 48 58 65 12 99 82 75 37 55 1 21 83 52 86 21 14 7 38 76 16 32 58 5 76 10 93 79 10
25 40 91 97 38 51 64 48 67 23 94 9 57 38 53 56 48 36 89 47 8 98 84 31 60 7 44 3 81 26 17 11 67 2 48 32 58 75 33 19 36 42 31 11 65 73 44 81 13 11
12 21 9 66 99 89 87 27 31 53 95 60 3 60 87 17 19 89 41 49 86 8 64 18 40 22 50 33 30 76 1 51 43 5 83 31 62 38 24 86 89 30 84 99 90 78 1 96 82 28
27 41 58 92 56 3 1 32 50 62 7 22 88 61 4 70 27 23 66 56 17 29 43 33 75 61 90 75 92 19 7 78 39 48 9 44 20 10 45 32 3 56 46 13 6 41 39 6 45 84
15 95 8 29 77 48 59 97 4 56 58 27 14 74 62 83 11 48 79 5 8 90 38 54 72 52 19 80 41 84 73 95 12 76 94 41 77 41 25 3 91 50 76 76 37 20 67 59 11 51
32 95 70 3 54 20 90 92 49 35 27 56 4 31 33 24 22 31 56 96 25 50 43 64 1 20 6 57 53 12 41 99 32 4 83 66 68 6 68 30 70 19 32 12 5 88 31 17 99 89
23 5 92 2 62 37 38 73 4 98 84 27 4 68 94 90 89 89 71 65 12 86 23 71 12 48 29 90 43 65 78 45 52 48 93 81 53 26 46 58 18 31 49 55 55 47 75 33 50 34
41 18 70 71 99 87 76 54 3 50 59 14 15 28 58 40 28 81 24 1 67 33 60 85 62 42 77 2 78 67 32 17 84 29 89 69 85 19 63 69 7 24 16 73 42 37 87 39 56 8
4 17 17 43 66 85 86 90 95 94 71 87 67 18 14 62 27 20 34 88 57 44 10 14 69 44 5 2 53 39 81 15 77 12 17 14 84 8 25 74 51 25 75 94 12 13 70 26 95 97
46 10 44 93 76 14 20 92 79 92 80 82 5 28 86 79 59 81 3 42 82 24 85 71 47 29 73 18 72 46 24 97 13 59 47 15 87 50 5 56 99 6 47 10 16 89 72 74 46 68
35 51 68 2 17 72 37 12 86 65 68 65 87 93 34 11 59 13 47 2 82 66 50 24 61 94 34 78 57 4 23 58 36 30 13 42 9 72 13 89 94 37 27 85 17 94 6 64 96 6
59 20 49 36 51 13 60 47 80 48 89 75 73 76 85 13 29 98 54 48 77 48 91 48 71 25 69 44 7 87 97 17 27 61 66 51 25 54 39 1 23 87 46 60 94 55 66 62 69 40
55 45 50 46 23 49 21 20 98 6 22 12 27 60 36 11 40 50 84 22 64 29 10 16 89 60 88 6 83 73 90 85 94 59 49 6 62 49 67 95 49 33 49 76 54 11 82 44 28 12
80 37 79 5 18 2 37 84 88 78 23 38 19 64 84 90 47 20 58 66 56 93 63 86 18 87 36 64 32 92 49 10 98 3 8 33 31 53 92 12 84 21 91 62 16 96 99 8 35 73
74 6 37 9 97 60 45 1 64 52 33 40 12 45 17 56 29 31 5 16 80 79 91 55 91 100 62 4 28 94 57 40 55 44 17 56 88 96 49 9 34 71 12 9 65 15 81 43 88 31
100 54 27 92 16 88 48 80 53 98 25 55 42 70 16 76 2 59 59 36 53 41 95 99 62 94 74 4 21 99 43 2 86 6 63 11 46 29 15 7 49 23 50 67 93 7 25 16 71 31
66 35 66 35 94 44 54 78 77 59 25 57 46 76 5 48 50 21 71 57 58 19 86 17 86 34 84 75 65 30 90 33 81 90 100 46 32 52 82 65 42 36 67 20 82 63 97 97 16 36
13 21 40 21 77 9 84 95 59 47 45 25 91 27 27 93 21 83 61 26 85 39 21 45 59 7 66 68 23 46 76 63 71 19 35 54 84 76 32 73 21 4 3 70 19 47 39 79 69 79
83 38 46 28 54 92 17 6 53 25 11 55 13 31 51 17 21 33 11 52 38 31 42 8 57 36 94 98 79 48 92 72 82 22 69 78 17 23 97 2 53 41 10 84 15 30 30 24 87 51
48 60 3 40 5 92 86 40 21 12 37 56 90 40 48 90 74 99 15 89 40 75 73 23 44 26 4 90 57 69 5 10 4 24 11 93 51 57 6 94 54 10 76 15 81 47 44 37 12 90
11 4 76 25 22 84 66 33 56 34 90 74 26 63 48 78 21 55 24 35 72 22 19 47 75 78 62 44 24 16 78 82 20 25 76 43 15 71 95 16 63 74 35 17 15 68 13 47 77 46
84 88 8 8 9 22 98 96 36 14 27 21 57 13 45 68 55 93 14 87 7 96 36 19 29 85 64 93 89 14 48 14 51 16 75 47 31 81 57 86 60 99 48 19 93 13 22 31 47 42
66 90 80 94 49 97 31 72 91 75 75 46 79 24 55 94 42 64 47 22 98 74 49 40 19 93 69 77 25 46 72 27 74 96 49 77 99 34 39 17 72 91 19 53 85 4 10 74 14 78
21 55 2 1 87 6 98 22 82 85 54 57 85 32 89 66 74 59 26 3 59 86 33 81 52 37 91 61 67 92 38 50 94 7 46 73 10 3 35 41 33 7 35 1 79 31 78 81 28 70
55 65 43 90 99 66 11 63 52 37 7 5 8 82 89 77 70 14 97 35 88 29 61 77 86 42 63 70 16 48 40 41 23 43 22 87 12 90 36 26 69 23 41 32 16 26 50 96 77 27
83 31 86 85 26 37 50 7 33 62 78 95 34 94 38 50 66 60 42 71 7 39 97 4 6 51 79 9 31 11 69 93 41 85 23 68 80 15 41 66 68 59 37 20 42 17 81 74 29 35
70 4 24 89 45 56 83 74 85 100 66 80 30 91 49 55 49 94 53 22 43 25 58 8 85 29 4 89 46 83 93 68 73 60 69 80 33 19 86 86 69 67 8 60 20 1 26 36 81 25
80 34 67 67 83 61 93 68 24 81 87 80 63 78 19 48 21 73 18 94 71 98 7 93 91 57 34 44 73 32 96 14 49 66 72 54 13 64 86 95 79 77 7 67 57 60 71 14 50 44
93 25 76 17 54 80 100 8 11 43 59 11 42 35 17 74 40 41 83 12 76 100 70 94 8 88 37 51 94 9 82 46 78 56 63 71 24 21 78 54 85 14 65 100 82 78 49 88 3 31
7 41 37 39 55 17 72 26 29 61 43 68 98 19 22 37 33 48 27 3 98 85 24 10 20 31 79 97 99 10 98 92 96 68 41 33 96 10 67 61 29 45 93 45 31 22 4 78 25 26
